0.070143 -0.625132 0.000000
0.070143 -0.615219 0.000000
0.070143 -0.605307 0.000000
0.070143 -0.595395 0.000000
0.070143 -0.585483 0.000000
0.070143 -0.575570 0.000000
0.070143 -0.565658 0.000000
0.070143 -0.555746 0.000000
0.070143 -0.545833 0.000000
0.070143 -0.535921 0.000000
0.070143 -0.526009 0.000000
0.070143 -0.516097 0.000000
0.070143 -0.506184 0.000000
0.070143 -0.496272 0.000000
0.070143 -0.486360 0.000000
0.070143 -0.476447 0.000000
0.070143 -0.466535 0.000000
0.070143 -0.456623 0.000000
0.070143 -0.446711 0.000000
0.070143 -0.436798 0.000000
0.070143 -0.426886 0.000000
0.070143 -0.416974 0.000000
0.070143 -0.407061 0.000000
0.070143 -0.397149 0.000000
0.070143 -0.387237 0.000000
0.070143 -0.377325 0.000000
0.070143 -0.367412 0.000000
0.070143 -0.357500 0.000000
0.070143 -0.347588 0.000000
0.070143 -0.337676 0.000000
0.070143 -0.327763 0.000000
0.070143 -0.317851 0.000000
0.070143 -0.307939 0.000000
0.070143 -0.298026 0.000000
0.070143 -0.288114 0.000000
0.070143 -0.278202 0.000000
0.070143 -0.268290 0.000000
0.070143 -0.258377 0.000000
0.070143 -0.248465 0.000000
0.070143 -0.238553 0.000000
0.070143 -0.228640 0.000000
0.070143 -0.218728 0.000000
0.070143 -0.208816 0.000000
0.070143 -0.198904 0.000000
0.070143 -0.188991 0.000000
0.070143 -0.179079 0.000000
0.070143 -0.169167 0.000000
0.070143 -0.159254 0.000000
0.070143 -0.149342 0.000000
-0.260143 -0.089868 0.000000
-0.250429 -0.089868 0.000000
-0.240714 -0.089868 0.000000
-0.231000 -0.089868 0.000000
-0.221286 -0.089868 0.000000
-0.211571 -0.089868 0.000000
-0.201857 -0.089868 0.000000
-0.192143 -0.089868 0.000000
-0.182429 -0.089868 0.000000
-0.172714 -0.089868 0.000000
-0.163000 -0.089868 0.000000
-0.153286 -0.089868 0.000000
-0.143571 -0.089868 0.000000
-0.133857 -0.089868 0.000000
-0.124143 -0.089868 0.000000
-0.114429 -0.089868 0.000000
-0.104714 -0.089868 0.000000
-0.260143 -0.099781 0.000000
-0.250429 -0.099781 0.000000
-0.240714 -0.099781 0.000000
-0.231000 -0.099781 0.000000
-0.221286 -0.099781 0.000000
-0.211571 -0.099781 0.000000
-0.201857 -0.099781 0.000000
-0.192143 -0.099781 0.000000
-0.182429 -0.099781 0.000000
-0.172714 -0.099781 0.000000
-0.163000 -0.099781 0.000000
-0.153286 -0.099781 0.000000
-0.143571 -0.099781 0.000000
-0.133857 -0.099781 0.000000
-0.124143 -0.099781 0.000000
-0.114429 -0.099781 0.000000
-0.104714 -0.099781 0.000000
-0.095000 -0.099781 0.000000
-0.260143 -0.109693 0.000000
-0.250429 -0.109693 0.000000
-0.240714 -0.109693 0.000000
-0.231000 -0.109693 0.000000
-0.221286 -0.109693 0.000000
-0.211571 -0.109693 0.000000
-0.201857 -0.109693 0.000000
-0.192143 -0.109693 0.000000
-0.182429 -0.109693 0.000000
-0.172714 -0.109693 0.000000
-0.163000 -0.109693 0.000000
-0.153286 -0.109693 0.000000
-0.143571 -0.109693 0.000000
-0.133857 -0.109693 0.000000
-0.124143 -0.109693 0.000000
-0.114429 -0.109693 0.000000
-0.104714 -0.109693 0.000000
-0.095000 -0.109693 0.000000
-0.085286 -0.109693 0.000000
-0.075571 -0.109693 0.000000
-0.260143 -0.119605 0.000000
-0.250429 -0.119605 0.000000
-0.240714 -0.119605 0.000000
-0.231000 -0.119605 0.000000
-0.221286 -0.119605 0.000000
-0.211571 -0.119605 0.000000
-0.201857 -0.119605 0.000000
-0.192143 -0.119605 0.000000
-0.182429 -0.119605 0.000000
-0.172714 -0.119605 0.000000
-0.163000 -0.119605 0.000000
-0.153286 -0.119605 0.000000
-0.143571 -0.119605 0.000000
-0.133857 -0.119605 0.000000
-0.124143 -0.119605 0.000000
-0.114429 -0.119605 0.000000
-0.104714 -0.119605 0.000000
-0.095000 -0.119605 0.000000
-0.085286 -0.119605 0.000000
-0.075571 -0.119605 0.000000
-0.065857 -0.119605 0.000000
-0.260143 -0.129518 0.000000
-0.250429 -0.129518 0.000000
-0.240714 -0.129518 0.000000
-0.231000 -0.129518 0.000000
-0.221286 -0.129518 0.000000
-0.211571 -0.129518 0.000000
-0.201857 -0.129518 0.000000
-0.192143 -0.129518 0.000000
-0.182429 -0.129518 0.000000
-0.172714 -0.129518 0.000000
-0.163000 -0.129518 0.000000
-0.153286 -0.129518 0.000000
-0.143571 -0.129518 0.000000
-0.133857 -0.129518 0.000000
-0.124143 -0.129518 0.000000
-0.114429 -0.129518 0.000000
-0.104714 -0.129518 0.000000
-0.095000 -0.129518 0.000000
-0.085286 -0.129518 0.000000
-0.075571 -0.129518 0.000000
-0.065857 -0.129518 0.000000
-0.056143 -0.129518 0.000000
-0.046429 -0.129518 0.000000
-0.036714 -0.129518 0.000000
-0.260143 -0.139430 0.000000
-0.250429 -0.139430 0.000000
-0.240714 -0.139430 0.000000
-0.231000 -0.139430 0.000000
-0.221286 -0.139430 0.000000
-0.211571 -0.139430 0.000000
-0.201857 -0.139430 0.000000
-0.192143 -0.139430 0.000000
-0.182429 -0.139430 0.000000
-0.172714 -0.139430 0.000000
-0.163000 -0.139430 0.000000
-0.153286 -0.139430 0.000000
-0.143571 -0.139430 0.000000
-0.133857 -0.139430 0.000000
-0.124143 -0.139430 0.000000
-0.114429 -0.139430 0.000000
-0.104714 -0.139430 0.000000
-0.095000 -0.139430 0.000000
-0.085286 -0.139430 0.000000
-0.075571 -0.139430 0.000000
-0.065857 -0.139430 0.000000
-0.056143 -0.139430 0.000000
-0.046429 -0.139430 0.000000
-0.036714 -0.139430 0.000000
-0.027000 -0.139430 0.000000
-0.017286 -0.139430 0.000000
-0.007571 -0.139430 0.000000
0.002143 -0.139430 0.000000
0.011857 -0.139430 0.000000
0.021571 -0.139430 0.000000
0.031286 -0.139430 0.000000
0.041000 -0.139430 0.000000
0.050714 -0.139430 0.000000
0.060429 -0.139430 0.000000
-0.260143 -0.149342 0.000000
-0.250429 -0.149342 0.000000
-0.240714 -0.149342 0.000000
-0.231000 -0.149342 0.000000
-0.221286 -0.149342 0.000000
-0.211571 -0.149342 0.000000
-0.201857 -0.149342 0.000000
-0.192143 -0.149342 0.000000
-0.182429 -0.149342 0.000000
-0.172714 -0.149342 0.000000
-0.163000 -0.149342 0.000000
-0.153286 -0.149342 0.000000
-0.143571 -0.149342 0.000000
-0.133857 -0.149342 0.000000
-0.124143 -0.149342 0.000000
-0.114429 -0.149342 0.000000
-0.104714 -0.149342 0.000000
-0.095000 -0.149342 0.000000
-0.085286 -0.149342 0.000000
-0.075571 -0.149342 0.000000
-0.065857 -0.149342 0.000000
-0.056143 -0.149342 0.000000
-0.046429 -0.149342 0.000000
-0.036714 -0.149342 0.000000
-0.027000 -0.149342 0.000000
-0.017286 -0.149342 0.000000
-0.007571 -0.149342 0.000000
0.002143 -0.149342 0.000000
0.011857 -0.149342 0.000000
0.021571 -0.149342 0.000000
0.031286 -0.149342 0.000000
0.041000 -0.149342 0.000000
0.050714 -0.149342 0.000000
0.060429 -0.149342 0.000000
-0.260143 -0.159254 0.000000
-0.250429 -0.159254 0.000000
-0.240714 -0.159254 0.000000
-0.231000 -0.159254 0.000000
-0.221286 -0.159254 0.000000
-0.211571 -0.159254 0.000000
-0.201857 -0.159254 0.000000
-0.192143 -0.159254 0.000000
-0.182429 -0.159254 0.000000
-0.172714 -0.159254 0.000000
-0.163000 -0.159254 0.000000
-0.153286 -0.159254 0.000000
-0.143571 -0.159254 0.000000
-0.133857 -0.159254 0.000000
-0.124143 -0.159254 0.000000
-0.114429 -0.159254 0.000000
-0.104714 -0.159254 0.000000
-0.095000 -0.159254 0.000000
-0.085286 -0.159254 0.000000
-0.075571 -0.159254 0.000000
-0.065857 -0.159254 0.000000
-0.056143 -0.159254 0.000000
-0.046429 -0.159254 0.000000
-0.036714 -0.159254 0.000000
-0.027000 -0.159254 0.000000
-0.017286 -0.159254 0.000000
-0.007571 -0.159254 0.000000
0.002143 -0.159254 0.000000
0.011857 -0.159254 0.000000
0.021571 -0.159254 0.000000
0.031286 -0.159254 0.000000
0.041000 -0.159254 0.000000
0.050714 -0.159254 0.000000
0.060429 -0.159254 0.000000
-0.260143 -0.169167 0.000000
-0.250429 -0.169167 0.000000
-0.240714 -0.169167 0.000000
-0.231000 -0.169167 0.000000
-0.221286 -0.169167 0.000000
-0.211571 -0.169167 0.000000
-0.201857 -0.169167 0.000000
-0.192143 -0.169167 0.000000
-0.182429 -0.169167 0.000000
-0.172714 -0.169167 0.000000
-0.163000 -0.169167 0.000000
-0.153286 -0.169167 0.000000
-0.143571 -0.169167 0.000000
-0.133857 -0.169167 0.000000
-0.124143 -0.169167 0.000000
-0.114429 -0.169167 0.000000
-0.104714 -0.169167 0.000000
-0.095000 -0.169167 0.000000
-0.085286 -0.169167 0.000000
-0.075571 -0.169167 0.000000
-0.065857 -0.169167 0.000000
-0.056143 -0.169167 0.000000
-0.046429 -0.169167 0.000000
-0.036714 -0.169167 0.000000
-0.027000 -0.169167 0.000000
-0.017286 -0.169167 0.000000
-0.007571 -0.169167 0.000000
0.002143 -0.169167 0.000000
0.011857 -0.169167 0.000000
0.021571 -0.169167 0.000000
0.031286 -0.169167 0.000000
0.041000 -0.169167 0.000000
0.050714 -0.169167 0.000000
0.060429 -0.169167 0.000000
-0.260143 -0.179079 0.000000
-0.250429 -0.179079 0.000000
-0.240714 -0.179079 0.000000
-0.231000 -0.179079 0.000000
-0.221286 -0.179079 0.000000
-0.211571 -0.179079 0.000000
-0.201857 -0.179079 0.000000
-0.192143 -0.179079 0.000000
-0.182429 -0.179079 0.000000
-0.172714 -0.179079 0.000000
-0.163000 -0.179079 0.000000
-0.153286 -0.179079 0.000000
-0.143571 -0.179079 0.000000
-0.133857 -0.179079 0.000000
-0.124143 -0.179079 0.000000
-0.114429 -0.179079 0.000000
-0.104714 -0.179079 0.000000
-0.095000 -0.179079 0.000000
-0.085286 -0.179079 0.000000
-0.075571 -0.179079 0.000000
-0.065857 -0.179079 0.000000
-0.056143 -0.179079 0.000000
-0.046429 -0.179079 0.000000
-0.036714 -0.179079 0.000000
-0.027000 -0.179079 0.000000
-0.017286 -0.179079 0.000000
-0.007571 -0.179079 0.000000
0.002143 -0.179079 0.000000
0.011857 -0.179079 0.000000
0.021571 -0.179079 0.000000
0.031286 -0.179079 0.000000
0.041000 -0.179079 0.000000
0.050714 -0.179079 0.000000
0.060429 -0.179079 0.000000
-0.260143 -0.188991 0.000000
-0.250429 -0.188991 0.000000
-0.240714 -0.188991 0.000000
-0.231000 -0.188991 0.000000
-0.221286 -0.188991 0.000000
-0.211571 -0.188991 0.000000
-0.201857 -0.188991 0.000000
-0.192143 -0.188991 0.000000
-0.182429 -0.188991 0.000000
-0.172714 -0.188991 0.000000
-0.163000 -0.188991 0.000000
-0.153286 -0.188991 0.000000
-0.143571 -0.188991 0.000000
-0.133857 -0.188991 0.000000
-0.124143 -0.188991 0.000000
-0.114429 -0.188991 0.000000
-0.104714 -0.188991 0.000000
-0.095000 -0.188991 0.000000
-0.085286 -0.188991 0.000000
-0.075571 -0.188991 0.000000
-0.065857 -0.188991 0.000000
-0.056143 -0.188991 0.000000
-0.046429 -0.188991 0.000000
-0.036714 -0.188991 0.000000
-0.027000 -0.188991 0.000000
-0.017286 -0.188991 0.000000
-0.007571 -0.188991 0.000000
0.002143 -0.188991 0.000000
0.011857 -0.188991 0.000000
0.021571 -0.188991 0.000000
0.031286 -0.188991 0.000000
0.041000 -0.188991 0.000000
0.050714 -0.188991 0.000000
0.060429 -0.188991 0.000000
-0.260143 -0.198904 0.000000
-0.250429 -0.198904 0.000000
-0.240714 -0.198904 0.000000
-0.231000 -0.198904 0.000000
-0.221286 -0.198904 0.000000
-0.211571 -0.198904 0.000000
-0.201857 -0.198904 0.000000
-0.192143 -0.198904 0.000000
-0.182429 -0.198904 0.000000
-0.172714 -0.198904 0.000000
-0.163000 -0.198904 0.000000
-0.153286 -0.198904 0.000000
-0.143571 -0.198904 0.000000
-0.133857 -0.198904 0.000000
-0.124143 -0.198904 0.000000
-0.114429 -0.198904 0.000000
-0.104714 -0.198904 0.000000
-0.095000 -0.198904 0.000000
-0.085286 -0.198904 0.000000
-0.075571 -0.198904 0.000000
-0.065857 -0.198904 0.000000
-0.056143 -0.198904 0.000000
-0.046429 -0.198904 0.000000
-0.036714 -0.198904 0.000000
-0.027000 -0.198904 0.000000
-0.017286 -0.198904 0.000000
-0.007571 -0.198904 0.000000
0.002143 -0.198904 0.000000
0.011857 -0.198904 0.000000
0.021571 -0.198904 0.000000
0.031286 -0.198904 0.000000
0.041000 -0.198904 0.000000
0.050714 -0.198904 0.000000
0.060429 -0.198904 0.000000
-0.260143 -0.208816 0.000000
-0.250429 -0.208816 0.000000
-0.240714 -0.208816 0.000000
-0.231000 -0.208816 0.000000
-0.221286 -0.208816 0.000000
-0.211571 -0.208816 0.000000
-0.201857 -0.208816 0.000000
-0.192143 -0.208816 0.000000
-0.182429 -0.208816 0.000000
-0.172714 -0.208816 0.000000
-0.163000 -0.208816 0.000000
-0.153286 -0.208816 0.000000
-0.143571 -0.208816 0.000000
-0.133857 -0.208816 0.000000
-0.124143 -0.208816 0.000000
-0.114429 -0.208816 0.000000
-0.104714 -0.208816 0.000000
-0.095000 -0.208816 0.000000
-0.085286 -0.208816 0.000000
-0.075571 -0.208816 0.000000
-0.065857 -0.208816 0.000000
-0.056143 -0.208816 0.000000
-0.046429 -0.208816 0.000000
-0.036714 -0.208816 0.000000
-0.027000 -0.208816 0.000000
-0.017286 -0.208816 0.000000
-0.007571 -0.208816 0.000000
0.002143 -0.208816 0.000000
0.011857 -0.208816 0.000000
0.021571 -0.208816 0.000000
0.031286 -0.208816 0.000000
0.041000 -0.208816 0.000000
0.050714 -0.208816 0.000000
0.060429 -0.208816 0.000000
-0.260143 -0.218728 0.000000
-0.250429 -0.218728 0.000000
-0.240714 -0.218728 0.000000
-0.231000 -0.218728 0.000000
-0.221286 -0.218728 0.000000
-0.211571 -0.218728 0.000000
-0.201857 -0.218728 0.000000
-0.192143 -0.218728 0.000000
-0.182429 -0.218728 0.000000
-0.172714 -0.218728 0.000000
-0.163000 -0.218728 0.000000
-0.153286 -0.218728 0.000000
-0.143571 -0.218728 0.000000
-0.133857 -0.218728 0.000000
-0.124143 -0.218728 0.000000
-0.114429 -0.218728 0.000000
-0.104714 -0.218728 0.000000
-0.095000 -0.218728 0.000000
-0.085286 -0.218728 0.000000
-0.075571 -0.218728 0.000000
-0.065857 -0.218728 0.000000
-0.056143 -0.218728 0.000000
-0.046429 -0.218728 0.000000
-0.036714 -0.218728 0.000000
-0.027000 -0.218728 0.000000
-0.017286 -0.218728 0.000000
-0.007571 -0.218728 0.000000
0.002143 -0.218728 0.000000
0.011857 -0.218728 0.000000
0.021571 -0.218728 0.000000
0.031286 -0.218728 0.000000
0.041000 -0.218728 0.000000
0.050714 -0.218728 0.000000
0.060429 -0.218728 0.000000
-0.260143 -0.228640 0.000000
-0.250429 -0.228640 0.000000
-0.240714 -0.228640 0.000000
-0.231000 -0.228640 0.000000
-0.221286 -0.228640 0.000000
-0.211571 -0.228640 0.000000
-0.201857 -0.228640 0.000000
-0.192143 -0.228640 0.000000
-0.182429 -0.228640 0.000000
-0.172714 -0.228640 0.000000
-0.163000 -0.228640 0.000000
-0.153286 -0.228640 0.000000
-0.143571 -0.228640 0.000000
-0.133857 -0.228640 0.000000
-0.124143 -0.228640 0.000000
-0.114429 -0.228640 0.000000
-0.104714 -0.228640 0.000000
-0.095000 -0.228640 0.000000
-0.085286 -0.228640 0.000000
-0.075571 -0.228640 0.000000
-0.065857 -0.228640 0.000000
-0.056143 -0.228640 0.000000
-0.046429 -0.228640 0.000000
-0.036714 -0.228640 0.000000
-0.027000 -0.228640 0.000000
-0.017286 -0.228640 0.000000
-0.007571 -0.228640 0.000000
0.002143 -0.228640 0.000000
0.011857 -0.228640 0.000000
0.021571 -0.228640 0.000000
0.031286 -0.228640 0.000000
0.041000 -0.228640 0.000000
0.050714 -0.228640 0.000000
0.060429 -0.228640 0.000000
-0.260143 -0.238553 0.000000
-0.250429 -0.238553 0.000000
-0.240714 -0.238553 0.000000
-0.231000 -0.238553 0.000000
-0.221286 -0.238553 0.000000
-0.211571 -0.238553 0.000000
-0.201857 -0.238553 0.000000
-0.192143 -0.238553 0.000000
-0.182429 -0.238553 0.000000
-0.172714 -0.238553 0.000000
-0.163000 -0.238553 0.000000
-0.153286 -0.238553 0.000000
-0.143571 -0.238553 0.000000
-0.133857 -0.238553 0.000000
-0.124143 -0.238553 0.000000
-0.114429 -0.238553 0.000000
-0.104714 -0.238553 0.000000
-0.095000 -0.238553 0.000000
-0.085286 -0.238553 0.000000
-0.075571 -0.238553 0.000000
-0.065857 -0.238553 0.000000
-0.056143 -0.238553 0.000000
-0.046429 -0.238553 0.000000
-0.036714 -0.238553 0.000000
-0.027000 -0.238553 0.000000
-0.017286 -0.238553 0.000000
-0.007571 -0.238553 0.000000
0.002143 -0.238553 0.000000
0.011857 -0.238553 0.000000
0.021571 -0.238553 0.000000
0.031286 -0.238553 0.000000
0.041000 -0.238553 0.000000
0.050714 -0.238553 0.000000
0.060429 -0.238553 0.000000
-0.260143 -0.248465 0.000000
-0.250429 -0.248465 0.000000
-0.240714 -0.248465 0.000000
-0.231000 -0.248465 0.000000
-0.221286 -0.248465 0.000000
-0.211571 -0.248465 0.000000
-0.201857 -0.248465 0.000000
-0.192143 -0.248465 0.000000
-0.182429 -0.248465 0.000000
-0.172714 -0.248465 0.000000
-0.163000 -0.248465 0.000000
-0.153286 -0.248465 0.000000
-0.143571 -0.248465 0.000000
-0.133857 -0.248465 0.000000
-0.124143 -0.248465 0.000000
-0.114429 -0.248465 0.000000
-0.104714 -0.248465 0.000000
-0.095000 -0.248465 0.000000
-0.085286 -0.248465 0.000000
-0.075571 -0.248465 0.000000
-0.065857 -0.248465 0.000000
-0.056143 -0.248465 0.000000
-0.046429 -0.248465 0.000000
-0.036714 -0.248465 0.000000
-0.027000 -0.248465 0.000000
-0.017286 -0.248465 0.000000
-0.007571 -0.248465 0.000000
0.002143 -0.248465 0.000000
0.011857 -0.248465 0.000000
0.021571 -0.248465 0.000000
0.031286 -0.248465 0.000000
0.041000 -0.248465 0.000000
0.050714 -0.248465 0.000000
0.060429 -0.248465 0.000000
-0.260143 -0.258377 0.000000
-0.250429 -0.258377 0.000000
-0.240714 -0.258377 0.000000
-0.231000 -0.258377 0.000000
-0.221286 -0.258377 0.000000
-0.211571 -0.258377 0.000000
-0.201857 -0.258377 0.000000
-0.192143 -0.258377 0.000000
-0.182429 -0.258377 0.000000
-0.172714 -0.258377 0.000000
-0.163000 -0.258377 0.000000
-0.153286 -0.258377 0.000000
-0.143571 -0.258377 0.000000
-0.133857 -0.258377 0.000000
-0.124143 -0.258377 0.000000
-0.114429 -0.258377 0.000000
-0.104714 -0.258377 0.000000
-0.095000 -0.258377 0.000000
-0.085286 -0.258377 0.000000
-0.075571 -0.258377 0.000000
-0.065857 -0.258377 0.000000
-0.056143 -0.258377 0.000000
-0.046429 -0.258377 0.000000
-0.036714 -0.258377 0.000000
-0.027000 -0.258377 0.000000
-0.017286 -0.258377 0.000000
-0.007571 -0.258377 0.000000
0.002143 -0.258377 0.000000
0.011857 -0.258377 0.000000
0.021571 -0.258377 0.000000
0.031286 -0.258377 0.000000
0.041000 -0.258377 0.000000
0.050714 -0.258377 0.000000
0.060429 -0.258377 0.000000
-0.260143 -0.268290 0.000000
-0.250429 -0.268290 0.000000
-0.240714 -0.268290 0.000000
-0.231000 -0.268290 0.000000
-0.221286 -0.268290 0.000000
-0.211571 -0.268290 0.000000
-0.201857 -0.268290 0.000000
-0.192143 -0.268290 0.000000
-0.182429 -0.268290 0.000000
-0.172714 -0.268290 0.000000
-0.163000 -0.268290 0.000000
-0.153286 -0.268290 0.000000
-0.143571 -0.268290 0.000000
-0.133857 -0.268290 0.000000
-0.124143 -0.268290 0.000000
-0.114429 -0.268290 0.000000
-0.104714 -0.268290 0.000000
-0.095000 -0.268290 0.000000
-0.085286 -0.268290 0.000000
-0.075571 -0.268290 0.000000
-0.065857 -0.268290 0.000000
-0.056143 -0.268290 0.000000
-0.046429 -0.268290 0.000000
-0.036714 -0.268290 0.000000
-0.027000 -0.268290 0.000000
-0.017286 -0.268290 0.000000
-0.007571 -0.268290 0.000000
0.002143 -0.268290 0.000000
0.011857 -0.268290 0.000000
0.021571 -0.268290 0.000000
0.031286 -0.268290 0.000000
0.041000 -0.268290 0.000000
0.050714 -0.268290 0.000000
0.060429 -0.268290 0.000000
-0.260143 -0.278202 0.000000
-0.250429 -0.278202 0.000000
-0.240714 -0.278202 0.000000
-0.231000 -0.278202 0.000000
-0.221286 -0.278202 0.000000
-0.211571 -0.278202 0.000000
-0.201857 -0.278202 0.000000
-0.192143 -0.278202 0.000000
-0.182429 -0.278202 0.000000
-0.172714 -0.278202 0.000000
-0.163000 -0.278202 0.000000
-0.153286 -0.278202 0.000000
-0.143571 -0.278202 0.000000
-0.133857 -0.278202 0.000000
-0.124143 -0.278202 0.000000
-0.114429 -0.278202 0.000000
-0.104714 -0.278202 0.000000
-0.095000 -0.278202 0.000000
-0.085286 -0.278202 0.000000
-0.075571 -0.278202 0.000000
-0.065857 -0.278202 0.000000
-0.056143 -0.278202 0.000000
-0.046429 -0.278202 0.000000
-0.036714 -0.278202 0.000000
-0.027000 -0.278202 0.000000
-0.017286 -0.278202 0.000000
-0.007571 -0.278202 0.000000
0.002143 -0.278202 0.000000
0.011857 -0.278202 0.000000
0.021571 -0.278202 0.000000
0.031286 -0.278202 0.000000
0.041000 -0.278202 0.000000
0.050714 -0.278202 0.000000
0.060429 -0.278202 0.000000
-0.260143 -0.288114 0.000000
-0.250429 -0.288114 0.000000
-0.240714 -0.288114 0.000000
-0.231000 -0.288114 0.000000
-0.221286 -0.288114 0.000000
-0.211571 -0.288114 0.000000
-0.201857 -0.288114 0.000000
-0.192143 -0.288114 0.000000
-0.182429 -0.288114 0.000000
-0.172714 -0.288114 0.000000
-0.163000 -0.288114 0.000000
-0.153286 -0.288114 0.000000
-0.143571 -0.288114 0.000000
-0.133857 -0.288114 0.000000
-0.124143 -0.288114 0.000000
-0.114429 -0.288114 0.000000
-0.104714 -0.288114 0.000000
-0.095000 -0.288114 0.000000
-0.085286 -0.288114 0.000000
-0.075571 -0.288114 0.000000
-0.065857 -0.288114 0.000000
-0.056143 -0.288114 0.000000
-0.046429 -0.288114 0.000000
-0.036714 -0.288114 0.000000
-0.027000 -0.288114 0.000000
-0.017286 -0.288114 0.000000
-0.007571 -0.288114 0.000000
0.002143 -0.288114 0.000000
0.011857 -0.288114 0.000000
0.021571 -0.288114 0.000000
0.031286 -0.288114 0.000000
0.041000 -0.288114 0.000000
0.050714 -0.288114 0.000000
0.060429 -0.288114 0.000000
-0.260143 -0.298026 0.000000
-0.250429 -0.298026 0.000000
-0.240714 -0.298026 0.000000
-0.231000 -0.298026 0.000000
-0.221286 -0.298026 0.000000
-0.211571 -0.298026 0.000000
-0.201857 -0.298026 0.000000
-0.192143 -0.298026 0.000000
-0.182429 -0.298026 0.000000
-0.172714 -0.298026 0.000000
-0.163000 -0.298026 0.000000
-0.153286 -0.298026 0.000000
-0.143571 -0.298026 0.000000
-0.133857 -0.298026 0.000000
-0.124143 -0.298026 0.000000
-0.114429 -0.298026 0.000000
-0.104714 -0.298026 0.000000
-0.095000 -0.298026 0.000000
-0.085286 -0.298026 0.000000
-0.075571 -0.298026 0.000000
-0.065857 -0.298026 0.000000
-0.056143 -0.298026 0.000000
-0.046429 -0.298026 0.000000
-0.036714 -0.298026 0.000000
-0.027000 -0.298026 0.000000
-0.017286 -0.298026 0.000000
-0.007571 -0.298026 0.000000
0.002143 -0.298026 0.000000
0.011857 -0.298026 0.000000
0.021571 -0.298026 0.000000
0.031286 -0.298026 0.000000
0.041000 -0.298026 0.000000
0.050714 -0.298026 0.000000
0.060429 -0.298026 0.000000
-0.260143 -0.307939 0.000000
-0.250429 -0.307939 0.000000
-0.240714 -0.307939 0.000000
-0.231000 -0.307939 0.000000
-0.221286 -0.307939 0.000000
-0.211571 -0.307939 0.000000
-0.201857 -0.307939 0.000000
-0.192143 -0.307939 0.000000
-0.182429 -0.307939 0.000000
-0.172714 -0.307939 0.000000
-0.163000 -0.307939 0.000000
-0.153286 -0.307939 0.000000
-0.143571 -0.307939 0.000000
-0.133857 -0.307939 0.000000
-0.124143 -0.307939 0.000000
-0.114429 -0.307939 0.000000
-0.104714 -0.307939 0.000000
-0.095000 -0.307939 0.000000
-0.085286 -0.307939 0.000000
-0.075571 -0.307939 0.000000
-0.065857 -0.307939 0.000000
-0.056143 -0.307939 0.000000
-0.046429 -0.307939 0.000000
-0.036714 -0.307939 0.000000
-0.027000 -0.307939 0.000000
-0.017286 -0.307939 0.000000
-0.007571 -0.307939 0.000000
0.002143 -0.307939 0.000000
0.011857 -0.307939 0.000000
0.021571 -0.307939 0.000000
0.031286 -0.307939 0.000000
0.041000 -0.307939 0.000000
0.050714 -0.307939 0.000000
0.060429 -0.307939 0.000000
-0.260143 -0.317851 0.000000
-0.250429 -0.317851 0.000000
-0.240714 -0.317851 0.000000
-0.231000 -0.317851 0.000000
-0.221286 -0.317851 0.000000
-0.211571 -0.317851 0.000000
-0.201857 -0.317851 0.000000
-0.192143 -0.317851 0.000000
-0.182429 -0.317851 0.000000
-0.172714 -0.317851 0.000000
-0.163000 -0.317851 0.000000
-0.153286 -0.317851 0.000000
-0.143571 -0.317851 0.000000
-0.133857 -0.317851 0.000000
-0.124143 -0.317851 0.000000
-0.114429 -0.317851 0.000000
-0.104714 -0.317851 0.000000
-0.095000 -0.317851 0.000000
-0.085286 -0.317851 0.000000
-0.075571 -0.317851 0.000000
-0.065857 -0.317851 0.000000
-0.056143 -0.317851 0.000000
-0.046429 -0.317851 0.000000
-0.036714 -0.317851 0.000000
-0.027000 -0.317851 0.000000
-0.017286 -0.317851 0.000000
-0.007571 -0.317851 0.000000
0.002143 -0.317851 0.000000
0.011857 -0.317851 0.000000
0.021571 -0.317851 0.000000
0.031286 -0.317851 0.000000
0.041000 -0.317851 0.000000
0.050714 -0.317851 0.000000
0.060429 -0.317851 0.000000
-0.260143 -0.327763 0.000000
-0.250429 -0.327763 0.000000
-0.240714 -0.327763 0.000000
-0.231000 -0.327763 0.000000
-0.221286 -0.327763 0.000000
-0.211571 -0.327763 0.000000
-0.201857 -0.327763 0.000000
-0.192143 -0.327763 0.000000
-0.182429 -0.327763 0.000000
-0.172714 -0.327763 0.000000
-0.163000 -0.327763 0.000000
-0.153286 -0.327763 0.000000
-0.143571 -0.327763 0.000000
-0.133857 -0.327763 0.000000
-0.124143 -0.327763 0.000000
-0.114429 -0.327763 0.000000
-0.104714 -0.327763 0.000000
-0.095000 -0.327763 0.000000
-0.085286 -0.327763 0.000000
-0.075571 -0.327763 0.000000
-0.065857 -0.327763 0.000000
-0.056143 -0.327763 0.000000
-0.046429 -0.327763 0.000000
-0.036714 -0.327763 0.000000
-0.027000 -0.327763 0.000000
-0.017286 -0.327763 0.000000
-0.007571 -0.327763 0.000000
0.002143 -0.327763 0.000000
0.011857 -0.327763 0.000000
0.021571 -0.327763 0.000000
0.031286 -0.327763 0.000000
0.041000 -0.327763 0.000000
0.050714 -0.327763 0.000000
0.060429 -0.327763 0.000000
-0.260143 -0.337675 0.000000
-0.250429 -0.337675 0.000000
-0.240714 -0.337675 0.000000
-0.231000 -0.337676 0.000000
-0.221286 -0.337676 0.000000
-0.211571 -0.337676 0.000000
-0.201857 -0.337676 0.000000
-0.192143 -0.337676 0.000000
-0.182429 -0.337676 0.000000
-0.172714 -0.337676 0.000000
-0.163000 -0.337676 0.000000
-0.153286 -0.337676 0.000000
-0.143571 -0.337676 0.000000
-0.133857 -0.337676 0.000000
-0.124143 -0.337676 0.000000
-0.114429 -0.337676 0.000000
-0.104714 -0.337676 0.000000
-0.095000 -0.337676 0.000000
-0.085286 -0.337676 0.000000
-0.075571 -0.337676 0.000000
-0.065857 -0.337676 0.000000
-0.056143 -0.337676 0.000000
-0.046429 -0.337676 0.000000
-0.036714 -0.337676 0.000000
-0.027000 -0.337676 0.000000
-0.017286 -0.337676 0.000000
-0.007571 -0.337676 0.000000
0.002143 -0.337676 0.000000
0.011857 -0.337676 0.000000
0.021571 -0.337676 0.000000
0.031286 -0.337676 0.000000
0.041000 -0.337676 0.000000
0.050714 -0.337676 0.000000
0.060429 -0.337676 0.000000
-0.260143 -0.347588 0.000000
-0.250429 -0.347588 0.000000
-0.240714 -0.347588 0.000000
-0.231000 -0.347588 0.000000
-0.221286 -0.347588 0.000000
-0.211571 -0.347588 0.000000
-0.201857 -0.347588 0.000000
-0.192143 -0.347588 0.000000
-0.182429 -0.347588 0.000000
-0.172714 -0.347588 0.000000
-0.163000 -0.347588 0.000000
-0.153286 -0.347588 0.000000
-0.143571 -0.347588 0.000000
-0.133857 -0.347588 0.000000
-0.124143 -0.347588 0.000000
-0.114429 -0.347588 0.000000
-0.104714 -0.347588 0.000000
-0.095000 -0.347588 0.000000
-0.085286 -0.347588 0.000000
-0.075571 -0.347588 0.000000
-0.065857 -0.347588 0.000000
-0.056143 -0.347588 0.000000
-0.046429 -0.347588 0.000000
-0.036714 -0.347588 0.000000
-0.027000 -0.347588 0.000000
-0.017286 -0.347588 0.000000
-0.007571 -0.347588 0.000000
0.002143 -0.347588 0.000000
0.011857 -0.347588 0.000000
0.021571 -0.347588 0.000000
0.031286 -0.347588 0.000000
0.041000 -0.347588 0.000000
0.050714 -0.347588 0.000000
0.060429 -0.347588 0.000000
-0.260143 -0.357500 0.000000
-0.250429 -0.357500 0.000000
-0.240714 -0.357500 0.000000
-0.231000 -0.357500 0.000000
-0.221286 -0.357500 0.000000
-0.211571 -0.357500 0.000000
-0.201857 -0.357500 0.000000
-0.192143 -0.357500 0.000000
-0.182429 -0.357500 0.000000
-0.172714 -0.357500 0.000000
-0.163000 -0.357500 0.000000
-0.153286 -0.357500 0.000000
-0.143571 -0.357500 0.000000
-0.133857 -0.357500 0.000000
-0.124143 -0.357500 0.000000
-0.114429 -0.357500 0.000000
-0.104714 -0.357500 0.000000
-0.095000 -0.357500 0.000000
-0.085286 -0.357500 0.000000
-0.075571 -0.357500 0.000000
-0.065857 -0.357500 0.000000
-0.056143 -0.357500 0.000000
-0.046429 -0.357500 0.000000
-0.036714 -0.357500 0.000000
-0.027000 -0.357500 0.000000
-0.017286 -0.357500 0.000000
-0.007571 -0.357500 0.000000
0.002143 -0.357500 0.000000
0.011857 -0.357500 0.000000
0.021571 -0.357500 0.000000
0.031286 -0.357500 0.000000
0.041000 -0.357500 0.000000
0.050714 -0.357500 0.000000
0.060429 -0.357500 0.000000
-0.260143 -0.367412 0.000000
-0.250429 -0.367412 0.000000
-0.240714 -0.367412 0.000000
-0.231000 -0.367412 0.000000
-0.221286 -0.367412 0.000000
-0.211571 -0.367412 0.000000
-0.201857 -0.367412 0.000000
-0.192143 -0.367412 0.000000
-0.182429 -0.367412 0.000000
-0.172714 -0.367412 0.000000
-0.163000 -0.367412 0.000000
-0.153286 -0.367412 0.000000
-0.143571 -0.367412 0.000000
-0.133857 -0.367412 0.000000
-0.124143 -0.367412 0.000000
-0.114429 -0.367412 0.000000
-0.104714 -0.367412 0.000000
-0.095000 -0.367412 0.000000
-0.085286 -0.367412 0.000000
-0.075571 -0.367412 0.000000
-0.065857 -0.367412 0.000000
-0.056143 -0.367412 0.000000
-0.046429 -0.367412 0.000000
-0.036714 -0.367412 0.000000
-0.027000 -0.367412 0.000000
-0.017286 -0.367412 0.000000
-0.007571 -0.367412 0.000000
0.002143 -0.367412 0.000000
0.011857 -0.367412 0.000000
0.021571 -0.367412 0.000000
0.031286 -0.367412 0.000000
0.041000 -0.367412 0.000000
0.050714 -0.367412 0.000000
0.060429 -0.367412 0.000000
-0.260143 -0.377325 0.000000
-0.250429 -0.377325 0.000000
-0.240714 -0.377325 0.000000
-0.231000 -0.377325 0.000000
-0.221286 -0.377325 0.000000
-0.211571 -0.377325 0.000000
-0.201857 -0.377325 0.000000
-0.192143 -0.377325 0.000000
-0.182429 -0.377325 0.000000
-0.172714 -0.377325 0.000000
-0.163000 -0.377325 0.000000
-0.153286 -0.377325 0.000000
-0.143571 -0.377325 0.000000
-0.133857 -0.377325 0.000000
-0.124143 -0.377325 0.000000
-0.114429 -0.377325 0.000000
-0.104714 -0.377325 0.000000
-0.095000 -0.377325 0.000000
-0.085286 -0.377325 0.000000
-0.075571 -0.377325 0.000000
-0.065857 -0.377325 0.000000
-0.056143 -0.377325 0.000000
-0.046429 -0.377325 0.000000
-0.036714 -0.377325 0.000000
-0.027000 -0.377325 0.000000
-0.017286 -0.377325 0.000000
-0.007571 -0.377325 0.000000
0.002143 -0.377325 0.000000
0.011857 -0.377325 0.000000
0.021571 -0.377325 0.000000
0.031286 -0.377325 0.000000
0.041000 -0.377325 0.000000
0.050714 -0.377325 0.000000
0.060429 -0.377325 0.000000
-0.260143 -0.387237 0.000000
-0.250429 -0.387237 0.000000
-0.240714 -0.387237 0.000000
-0.231000 -0.387237 0.000000
-0.221286 -0.387237 0.000000
-0.211571 -0.387237 0.000000
-0.201857 -0.387237 0.000000
-0.192143 -0.387237 0.000000
-0.182429 -0.387237 0.000000
-0.172714 -0.387237 0.000000
-0.163000 -0.387237 0.000000
-0.153286 -0.387237 0.000000
-0.143571 -0.387237 0.000000
-0.133857 -0.387237 0.000000
-0.124143 -0.387237 0.000000
-0.114429 -0.387237 0.000000
-0.104714 -0.387237 0.000000
-0.095000 -0.387237 0.000000
-0.085286 -0.387237 0.000000
-0.075571 -0.387237 0.000000
-0.065857 -0.387237 0.000000
-0.056143 -0.387237 0.000000
-0.046429 -0.387237 0.000000
-0.036714 -0.387237 0.000000
-0.027000 -0.387237 0.000000
-0.017286 -0.387237 0.000000
-0.007571 -0.387237 0.000000
0.002143 -0.387237 0.000000
0.011857 -0.387237 0.000000
0.021571 -0.387237 0.000000
0.031286 -0.387237 0.000000
0.041000 -0.387237 0.000000
0.050714 -0.387237 0.000000
0.060429 -0.387237 0.000000
-0.260143 -0.397149 0.000000
-0.250429 -0.397149 0.000000
-0.240714 -0.397149 0.000000
-0.231000 -0.397149 0.000000
-0.221286 -0.397149 0.000000
-0.211571 -0.397149 0.000000
-0.201857 -0.397149 0.000000
-0.192143 -0.397149 0.000000
-0.182429 -0.397149 0.000000
-0.172714 -0.397149 0.000000
-0.163000 -0.397149 0.000000
-0.153286 -0.397149 0.000000
-0.143571 -0.397149 0.000000
-0.133857 -0.397149 0.000000
-0.124143 -0.397149 0.000000
-0.114429 -0.397149 0.000000
-0.104714 -0.397149 0.000000
-0.095000 -0.397149 0.000000
-0.085286 -0.397149 0.000000
-0.075571 -0.397149 0.000000
-0.065857 -0.397149 0.000000
-0.056143 -0.397149 0.000000
-0.046429 -0.397149 0.000000
-0.036714 -0.397149 0.000000
-0.027000 -0.397149 0.000000
-0.017286 -0.397149 0.000000
-0.007571 -0.397149 0.000000
0.002143 -0.397149 0.000000
0.011857 -0.397149 0.000000
0.021571 -0.397149 0.000000
0.031286 -0.397149 0.000000
0.041000 -0.397149 0.000000
0.050714 -0.397149 0.000000
0.060429 -0.397149 0.000000
-0.260143 -0.407061 0.000000
-0.250429 -0.407061 0.000000
-0.240714 -0.407061 0.000000
-0.231000 -0.407061 0.000000
-0.221286 -0.407061 0.000000
-0.211571 -0.407061 0.000000
-0.201857 -0.407061 0.000000
-0.192143 -0.407061 0.000000
-0.182429 -0.407061 0.000000
-0.172714 -0.407061 0.000000
-0.163000 -0.407061 0.000000
-0.153286 -0.407061 0.000000
-0.143571 -0.407061 0.000000
-0.133857 -0.407061 0.000000
-0.124143 -0.407061 0.000000
-0.114429 -0.407061 0.000000
-0.104714 -0.407061 0.000000
-0.095000 -0.407061 0.000000
-0.085286 -0.407061 0.000000
-0.075571 -0.407061 0.000000
-0.065857 -0.407061 0.000000
-0.056143 -0.407061 0.000000
-0.046429 -0.407061 0.000000
-0.036714 -0.407061 0.000000
-0.027000 -0.407061 0.000000
-0.017286 -0.407061 0.000000
-0.007571 -0.407061 0.000000
0.002143 -0.407061 0.000000
0.011857 -0.407061 0.000000
0.021571 -0.407061 0.000000
0.031286 -0.407061 0.000000
0.041000 -0.407061 0.000000
0.050714 -0.407061 0.000000
0.060429 -0.407061 0.000000
-0.260143 -0.416974 0.000000
-0.250429 -0.416974 0.000000
-0.240714 -0.416974 0.000000
-0.231000 -0.416974 0.000000
-0.221286 -0.416974 0.000000
-0.211571 -0.416974 0.000000
-0.201857 -0.416974 0.000000
-0.192143 -0.416974 0.000000
-0.182429 -0.416974 0.000000
-0.172714 -0.416974 0.000000
-0.163000 -0.416974 0.000000
-0.153286 -0.416974 0.000000
-0.143571 -0.416974 0.000000
-0.133857 -0.416974 0.000000
-0.124143 -0.416974 0.000000
-0.114429 -0.416974 0.000000
-0.104714 -0.416974 0.000000
-0.095000 -0.416974 0.000000
-0.085286 -0.416974 0.000000
-0.075571 -0.416974 0.000000
-0.065857 -0.416974 0.000000
-0.056143 -0.416974 0.000000
-0.046429 -0.416974 0.000000
-0.036714 -0.416974 0.000000
-0.027000 -0.416974 0.000000
-0.017286 -0.416974 0.000000
-0.007571 -0.416974 0.000000
0.002143 -0.416974 0.000000
0.011857 -0.416974 0.000000
0.021571 -0.416974 0.000000
0.031286 -0.416974 0.000000
0.041000 -0.416974 0.000000
0.050714 -0.416974 0.000000
0.060429 -0.416974 0.000000
-0.260143 -0.426886 0.000000
-0.250429 -0.426886 0.000000
-0.240714 -0.426886 0.000000
-0.231000 -0.426886 0.000000
-0.221286 -0.426886 0.000000
-0.211571 -0.426886 0.000000
-0.201857 -0.426886 0.000000
-0.192143 -0.426886 0.000000
-0.182429 -0.426886 0.000000
-0.172714 -0.426886 0.000000
-0.163000 -0.426886 0.000000
-0.153286 -0.426886 0.000000
-0.143571 -0.426886 0.000000
-0.133857 -0.426886 0.000000
-0.124143 -0.426886 0.000000
-0.114429 -0.426886 0.000000
-0.104714 -0.426886 0.000000
-0.095000 -0.426886 0.000000
-0.085286 -0.426886 0.000000
-0.075571 -0.426886 0.000000
-0.065857 -0.426886 0.000000
-0.056143 -0.426886 0.000000
-0.046429 -0.426886 0.000000
-0.036714 -0.426886 0.000000
-0.027000 -0.426886 0.000000
-0.017286 -0.426886 0.000000
-0.007571 -0.426886 0.000000
0.002143 -0.426886 0.000000
0.011857 -0.426886 0.000000
0.021571 -0.426886 0.000000
0.031286 -0.426886 0.000000
0.041000 -0.426886 0.000000
0.050714 -0.426886 0.000000
0.060429 -0.426886 0.000000
-0.260143 -0.436798 0.000000
-0.250429 -0.436798 0.000000
-0.240714 -0.436798 0.000000
-0.231000 -0.436798 0.000000
-0.221286 -0.436798 0.000000
-0.211571 -0.436798 0.000000
-0.201857 -0.436798 0.000000
-0.192143 -0.436798 0.000000
-0.182429 -0.436798 0.000000
-0.172714 -0.436798 0.000000
-0.163000 -0.436798 0.000000
-0.153286 -0.436798 0.000000
-0.143571 -0.436798 0.000000
-0.133857 -0.436798 0.000000
-0.124143 -0.436798 0.000000
-0.114429 -0.436798 0.000000
-0.104714 -0.436798 0.000000
-0.095000 -0.436798 0.000000
-0.085286 -0.436798 0.000000
-0.075571 -0.436798 0.000000
-0.065857 -0.436798 0.000000
-0.056143 -0.436798 0.000000
-0.046429 -0.436798 0.000000
-0.036714 -0.436798 0.000000
-0.027000 -0.436798 0.000000
-0.017286 -0.436798 0.000000
-0.007571 -0.436798 0.000000
0.002143 -0.436798 0.000000
0.011857 -0.436798 0.000000
0.021571 -0.436798 0.000000
0.031286 -0.436798 0.000000
0.041000 -0.436798 0.000000
0.050714 -0.436798 0.000000
0.060429 -0.436798 0.000000
-0.260143 -0.446711 0.000000
-0.250429 -0.446711 0.000000
-0.240714 -0.446711 0.000000
-0.231000 -0.446711 0.000000
-0.221286 -0.446711 0.000000
-0.211571 -0.446711 0.000000
-0.201857 -0.446711 0.000000
-0.192143 -0.446711 0.000000
-0.182429 -0.446711 0.000000
-0.172714 -0.446711 0.000000
-0.163000 -0.446711 0.000000
-0.153286 -0.446711 0.000000
-0.143571 -0.446711 0.000000
-0.133857 -0.446711 0.000000
-0.124143 -0.446711 0.000000
-0.114429 -0.446711 0.000000
-0.104714 -0.446711 0.000000
-0.095000 -0.446711 0.000000
-0.085286 -0.446711 0.000000
-0.075571 -0.446711 0.000000
-0.065857 -0.446711 0.000000
-0.056143 -0.446711 0.000000
-0.046429 -0.446711 0.000000
-0.036714 -0.446711 0.000000
-0.027000 -0.446711 0.000000
-0.017286 -0.446711 0.000000
-0.007571 -0.446711 0.000000
0.002143 -0.446711 0.000000
0.011857 -0.446711 0.000000
0.021571 -0.446711 0.000000
0.031286 -0.446711 0.000000
0.041000 -0.446711 0.000000
0.050714 -0.446711 0.000000
0.060429 -0.446711 0.000000
-0.260143 -0.456623 0.000000
-0.250429 -0.456623 0.000000
-0.240714 -0.456623 0.000000
-0.231000 -0.456623 0.000000
-0.221286 -0.456623 0.000000
-0.211571 -0.456623 0.000000
-0.201857 -0.456623 0.000000
-0.192143 -0.456623 0.000000
-0.182429 -0.456623 0.000000
-0.172714 -0.456623 0.000000
-0.163000 -0.456623 0.000000
-0.153286 -0.456623 0.000000
-0.143571 -0.456623 0.000000
-0.133857 -0.456623 0.000000
-0.124143 -0.456623 0.000000
-0.114429 -0.456623 0.000000
-0.104714 -0.456623 0.000000
-0.095000 -0.456623 0.000000
-0.085286 -0.456623 0.000000
-0.075571 -0.456623 0.000000
-0.065857 -0.456623 0.000000
-0.056143 -0.456623 0.000000
-0.046429 -0.456623 0.000000
-0.036714 -0.456623 0.000000
-0.027000 -0.456623 0.000000
-0.017286 -0.456623 0.000000
-0.007571 -0.456623 0.000000
0.002143 -0.456623 0.000000
0.011857 -0.456623 0.000000
0.021571 -0.456623 0.000000
0.031286 -0.456623 0.000000
0.041000 -0.456623 0.000000
0.050714 -0.456623 0.000000
0.060429 -0.456623 0.000000
-0.260143 -0.466535 0.000000
-0.250429 -0.466535 0.000000
-0.240714 -0.466535 0.000000
-0.231000 -0.466535 0.000000
-0.221286 -0.466535 0.000000
-0.211571 -0.466535 0.000000
-0.201857 -0.466535 0.000000
-0.192143 -0.466535 0.000000
-0.182429 -0.466535 0.000000
-0.172714 -0.466535 0.000000
-0.163000 -0.466535 0.000000
-0.153286 -0.466535 0.000000
-0.143571 -0.466535 0.000000
-0.133857 -0.466535 0.000000
-0.124143 -0.466535 0.000000
-0.114429 -0.466535 0.000000
-0.104714 -0.466535 0.000000
-0.095000 -0.466535 0.000000
-0.085286 -0.466535 0.000000
-0.075571 -0.466535 0.000000
-0.065857 -0.466535 0.000000
-0.056143 -0.466535 0.000000
-0.046429 -0.466535 0.000000
-0.036714 -0.466535 0.000000
-0.027000 -0.466535 0.000000
-0.017286 -0.466535 0.000000
-0.007571 -0.466535 0.000000
0.002143 -0.466535 0.000000
0.011857 -0.466535 0.000000
0.021571 -0.466535 0.000000
0.031286 -0.466535 0.000000
0.041000 -0.466535 0.000000
0.050714 -0.466535 0.000000
0.060429 -0.466535 0.000000
-0.260143 -0.476447 0.000000
-0.250429 -0.476447 0.000000
-0.240714 -0.476447 0.000000
-0.231000 -0.476447 0.000000
-0.221286 -0.476447 0.000000
-0.211571 -0.476447 0.000000
-0.201857 -0.476447 0.000000
-0.192143 -0.476447 0.000000
-0.182429 -0.476447 0.000000
-0.172714 -0.476447 0.000000
-0.163000 -0.476447 0.000000
-0.153286 -0.476447 0.000000
-0.143571 -0.476447 0.000000
-0.133857 -0.476447 0.000000
-0.124143 -0.476447 0.000000
-0.114429 -0.476447 0.000000
-0.104714 -0.476447 0.000000
-0.095000 -0.476447 0.000000
-0.085286 -0.476447 0.000000
-0.075571 -0.476447 0.000000
-0.065857 -0.476447 0.000000
-0.056143 -0.476447 0.000000
-0.046429 -0.476447 0.000000
-0.036714 -0.476447 0.000000
-0.027000 -0.476447 0.000000
-0.017286 -0.476447 0.000000
-0.007571 -0.476447 0.000000
0.002143 -0.476447 0.000000
0.011857 -0.476447 0.000000
0.021571 -0.476447 0.000000
0.031286 -0.476447 0.000000
0.041000 -0.476447 0.000000
0.050714 -0.476447 0.000000
0.060429 -0.476447 0.000000
-0.260143 -0.486360 0.000000
-0.250429 -0.486360 0.000000
-0.240714 -0.486360 0.000000
-0.231000 -0.486360 0.000000
-0.221286 -0.486360 0.000000
-0.211571 -0.486360 0.000000
-0.201857 -0.486360 0.000000
-0.192143 -0.486360 0.000000
-0.182429 -0.486360 0.000000
-0.172714 -0.486360 0.000000
-0.163000 -0.486360 0.000000
-0.153286 -0.486360 0.000000
-0.143571 -0.486360 0.000000
-0.133857 -0.486360 0.000000
-0.124143 -0.486360 0.000000
-0.114429 -0.486360 0.000000
-0.104714 -0.486360 0.000000
-0.095000 -0.486360 0.000000
-0.085286 -0.486360 0.000000
-0.075571 -0.486360 0.000000
-0.065857 -0.486360 0.000000
-0.056143 -0.486360 0.000000
-0.046429 -0.486360 0.000000
-0.036714 -0.486360 0.000000
-0.027000 -0.486360 0.000000
-0.017286 -0.486360 0.000000
-0.007571 -0.486360 0.000000
0.002143 -0.486360 0.000000
0.011857 -0.486360 0.000000
0.021571 -0.486360 0.000000
0.031286 -0.486360 0.000000
0.041000 -0.486360 0.000000
0.050714 -0.486360 0.000000
0.060429 -0.486360 0.000000
-0.260143 -0.496272 0.000000
-0.250429 -0.496272 0.000000
-0.240714 -0.496272 0.000000
-0.231000 -0.496272 0.000000
-0.221286 -0.496272 0.000000
-0.211571 -0.496272 0.000000
-0.201857 -0.496272 0.000000
-0.192143 -0.496272 0.000000
-0.182429 -0.496272 0.000000
-0.172714 -0.496272 0.000000
-0.163000 -0.496272 0.000000
-0.153286 -0.496272 0.000000
-0.143571 -0.496272 0.000000
-0.133857 -0.496272 0.000000
-0.124143 -0.496272 0.000000
-0.114429 -0.496272 0.000000
-0.104714 -0.496272 0.000000
-0.095000 -0.496272 0.000000
-0.085286 -0.496272 0.000000
-0.075571 -0.496272 0.000000
-0.065857 -0.496272 0.000000
-0.056143 -0.496272 0.000000
-0.046429 -0.496272 0.000000
-0.036714 -0.496272 0.000000
-0.027000 -0.496272 0.000000
-0.017286 -0.496272 0.000000
-0.007571 -0.496272 0.000000
0.002143 -0.496272 0.000000
0.011857 -0.496272 0.000000
0.021571 -0.496272 0.000000
0.031286 -0.496272 0.000000
0.041000 -0.496272 0.000000
0.050714 -0.496272 0.000000
0.060429 -0.496272 0.000000
-0.260143 -0.506184 0.000000
-0.250429 -0.506184 0.000000
-0.240714 -0.506184 0.000000
-0.231000 -0.506184 0.000000
-0.221286 -0.506184 0.000000
-0.211571 -0.506184 0.000000
-0.201857 -0.506184 0.000000
-0.192143 -0.506184 0.000000
-0.182429 -0.506184 0.000000
-0.172714 -0.506184 0.000000
-0.163000 -0.506184 0.000000
-0.153286 -0.506184 0.000000
-0.143571 -0.506184 0.000000
-0.133857 -0.506184 0.000000
-0.124143 -0.506184 0.000000
-0.114429 -0.506184 0.000000
-0.104714 -0.506184 0.000000
-0.095000 -0.506184 0.000000
-0.085286 -0.506184 0.000000
-0.075571 -0.506184 0.000000
-0.065857 -0.506184 0.000000
-0.056143 -0.506184 0.000000
-0.046429 -0.506184 0.000000
-0.036714 -0.506184 0.000000
-0.027000 -0.506184 0.000000
-0.017286 -0.506184 0.000000
-0.007571 -0.506184 0.000000
0.002143 -0.506184 0.000000
0.011857 -0.506184 0.000000
0.021571 -0.506184 0.000000
0.031286 -0.506184 0.000000
0.041000 -0.506184 0.000000
0.050714 -0.506184 0.000000
0.060429 -0.506184 0.000000
-0.260143 -0.516097 0.000000
-0.250429 -0.516097 0.000000
-0.240714 -0.516097 0.000000
-0.231000 -0.516097 0.000000
-0.221286 -0.516097 0.000000
-0.211571 -0.516097 0.000000
-0.201857 -0.516097 0.000000
-0.192143 -0.516097 0.000000
-0.182429 -0.516097 0.000000
-0.172714 -0.516097 0.000000
-0.163000 -0.516097 0.000000
-0.153286 -0.516097 0.000000
-0.143571 -0.516097 0.000000
-0.133857 -0.516097 0.000000
-0.124143 -0.516097 0.000000
-0.114429 -0.516097 0.000000
-0.104714 -0.516097 0.000000
-0.095000 -0.516097 0.000000
-0.085286 -0.516097 0.000000
-0.075571 -0.516097 0.000000
-0.065857 -0.516097 0.000000
-0.056143 -0.516097 0.000000
-0.046429 -0.516097 0.000000
-0.036714 -0.516097 0.000000
-0.027000 -0.516097 0.000000
-0.017286 -0.516097 0.000000
-0.007571 -0.516097 0.000000
0.002143 -0.516097 0.000000
0.011857 -0.516097 0.000000
0.021571 -0.516097 0.000000
0.031286 -0.516097 0.000000
0.041000 -0.516097 0.000000
0.050714 -0.516097 0.000000
0.060429 -0.516097 0.000000
-0.260143 -0.526009 0.000000
-0.250429 -0.526009 0.000000
-0.240714 -0.526009 0.000000
-0.231000 -0.526009 0.000000
-0.221286 -0.526009 0.000000
-0.211571 -0.526009 0.000000
-0.201857 -0.526009 0.000000
-0.192143 -0.526009 0.000000
-0.182429 -0.526009 0.000000
-0.172714 -0.526009 0.000000
-0.163000 -0.526009 0.000000
-0.153286 -0.526009 0.000000
-0.143571 -0.526009 0.000000
-0.133857 -0.526009 0.000000
-0.124143 -0.526009 0.000000
-0.114429 -0.526009 0.000000
-0.104714 -0.526009 0.000000
-0.095000 -0.526009 0.000000
-0.085286 -0.526009 0.000000
-0.075571 -0.526009 0.000000
-0.065857 -0.526009 0.000000
-0.056143 -0.526009 0.000000
-0.046429 -0.526009 0.000000
-0.036714 -0.526009 0.000000
-0.027000 -0.526009 0.000000
-0.017286 -0.526009 0.000000
-0.007571 -0.526009 0.000000
0.002143 -0.526009 0.000000
0.011857 -0.526009 0.000000
0.021571 -0.526009 0.000000
0.031286 -0.526009 0.000000
0.041000 -0.526009 0.000000
0.050714 -0.526009 0.000000
0.060429 -0.526009 0.000000
-0.260143 -0.535921 0.000000
-0.250429 -0.535921 0.000000
-0.240714 -0.535921 0.000000
-0.231000 -0.535921 0.000000
-0.221286 -0.535921 0.000000
-0.211571 -0.535921 0.000000
-0.201857 -0.535921 0.000000
-0.192143 -0.535921 0.000000
-0.182429 -0.535921 0.000000
-0.172714 -0.535921 0.000000
-0.163000 -0.535921 0.000000
-0.153286 -0.535921 0.000000
-0.143571 -0.535921 0.000000
-0.133857 -0.535921 0.000000
-0.124143 -0.535921 0.000000
-0.114429 -0.535921 0.000000
-0.104714 -0.535921 0.000000
-0.095000 -0.535921 0.000000
-0.085286 -0.535921 0.000000
-0.075571 -0.535921 0.000000
-0.065857 -0.535921 0.000000
-0.056143 -0.535921 0.000000
-0.046429 -0.535921 0.000000
-0.036714 -0.535921 0.000000
-0.027000 -0.535921 0.000000
-0.017286 -0.535921 0.000000
-0.007571 -0.535921 0.000000
0.002143 -0.535921 0.000000
0.011857 -0.535921 0.000000
0.021571 -0.535921 0.000000
0.031286 -0.535921 0.000000
0.041000 -0.535921 0.000000
0.050714 -0.535921 0.000000
0.060429 -0.535921 0.000000
-0.260143 -0.545833 0.000000
-0.250429 -0.545833 0.000000
-0.240714 -0.545833 0.000000
-0.231000 -0.545833 0.000000
-0.221286 -0.545833 0.000000
-0.211571 -0.545833 0.000000
-0.201857 -0.545833 0.000000
-0.192143 -0.545833 0.000000
-0.182429 -0.545833 0.000000
-0.172714 -0.545833 0.000000
-0.163000 -0.545833 0.000000
-0.153286 -0.545833 0.000000
-0.143571 -0.545833 0.000000
-0.133857 -0.545833 0.000000
-0.124143 -0.545833 0.000000
-0.114429 -0.545833 0.000000
-0.104714 -0.545833 0.000000
-0.095000 -0.545833 0.000000
-0.085286 -0.545833 0.000000
-0.075571 -0.545833 0.000000
-0.065857 -0.545833 0.000000
-0.056143 -0.545833 0.000000
-0.046429 -0.545833 0.000000
-0.036714 -0.545833 0.000000
-0.027000 -0.545833 0.000000
-0.017286 -0.545833 0.000000
-0.007571 -0.545833 0.000000
0.002143 -0.545833 0.000000
0.011857 -0.545833 0.000000
0.021571 -0.545833 0.000000
0.031286 -0.545833 0.000000
0.041000 -0.545833 0.000000
0.050714 -0.545833 0.000000
0.060429 -0.545833 0.000000
-0.260143 -0.555746 0.000000
-0.250429 -0.555746 0.000000
-0.240714 -0.555746 0.000000
-0.231000 -0.555746 0.000000
-0.221286 -0.555746 0.000000
-0.211571 -0.555746 0.000000
-0.201857 -0.555746 0.000000
-0.192143 -0.555746 0.000000
-0.182429 -0.555746 0.000000
-0.172714 -0.555746 0.000000
-0.163000 -0.555746 0.000000
-0.153286 -0.555746 0.000000
-0.143571 -0.555746 0.000000
-0.133857 -0.555746 0.000000
-0.124143 -0.555746 0.000000
-0.114429 -0.555746 0.000000
-0.104714 -0.555746 0.000000
-0.095000 -0.555746 0.000000
-0.085286 -0.555746 0.000000
-0.075571 -0.555746 0.000000
-0.065857 -0.555746 0.000000
-0.056143 -0.555746 0.000000
-0.046429 -0.555746 0.000000
-0.036714 -0.555746 0.000000
-0.027000 -0.555746 0.000000
-0.017286 -0.555746 0.000000
-0.007571 -0.555746 0.000000
0.002143 -0.555746 0.000000
0.011857 -0.555746 0.000000
0.021571 -0.555746 0.000000
0.031286 -0.555746 0.000000
0.041000 -0.555746 0.000000
0.050714 -0.555746 0.000000
0.060429 -0.555746 0.000000
-0.260143 -0.565658 0.000000
-0.250429 -0.565658 0.000000
-0.240714 -0.565658 0.000000
-0.231000 -0.565658 0.000000
-0.221286 -0.565658 0.000000
-0.211571 -0.565658 0.000000
-0.201857 -0.565658 0.000000
-0.192143 -0.565658 0.000000
-0.182429 -0.565658 0.000000
-0.172714 -0.565658 0.000000
-0.163000 -0.565658 0.000000
-0.153286 -0.565658 0.000000
-0.143571 -0.565658 0.000000
-0.133857 -0.565658 0.000000
-0.124143 -0.565658 0.000000
-0.114429 -0.565658 0.000000
-0.104714 -0.565658 0.000000
-0.095000 -0.565658 0.000000
-0.085286 -0.565658 0.000000
-0.075571 -0.565658 0.000000
-0.065857 -0.565658 0.000000
-0.056143 -0.565658 0.000000
-0.046429 -0.565658 0.000000
-0.036714 -0.565658 0.000000
-0.027000 -0.565658 0.000000
-0.017286 -0.565658 0.000000
-0.007571 -0.565658 0.000000
0.002143 -0.565658 0.000000
0.011857 -0.565658 0.000000
0.021571 -0.565658 0.000000
0.031286 -0.565658 0.000000
0.041000 -0.565658 0.000000
0.050714 -0.565658 0.000000
0.060429 -0.565658 0.000000
-0.260143 -0.575570 0.000000
-0.250429 -0.575570 0.000000
-0.240714 -0.575570 0.000000
-0.231000 -0.575570 0.000000
-0.221286 -0.575570 0.000000
-0.211571 -0.575570 0.000000
-0.201857 -0.575570 0.000000
-0.192143 -0.575570 0.000000
-0.182429 -0.575570 0.000000
-0.172714 -0.575570 0.000000
-0.163000 -0.575570 0.000000
-0.153286 -0.575570 0.000000
-0.143571 -0.575570 0.000000
-0.133857 -0.575570 0.000000
-0.124143 -0.575570 0.000000
-0.114429 -0.575570 0.000000
-0.104714 -0.575570 0.000000
-0.095000 -0.575570 0.000000
-0.085286 -0.575570 0.000000
-0.075571 -0.575570 0.000000
-0.065857 -0.575570 0.000000
-0.056143 -0.575570 0.000000
-0.046429 -0.575570 0.000000
-0.036714 -0.575570 0.000000
-0.027000 -0.575570 0.000000
-0.017286 -0.575570 0.000000
-0.007571 -0.575570 0.000000
0.002143 -0.575570 0.000000
0.011857 -0.575570 0.000000
0.021571 -0.575570 0.000000
0.031286 -0.575570 0.000000
0.041000 -0.575570 0.000000
0.050714 -0.575570 0.000000
0.060429 -0.575570 0.000000
-0.260143 -0.585483 0.000000
-0.250429 -0.585483 0.000000
-0.240714 -0.585483 0.000000
-0.231000 -0.585483 0.000000
-0.221286 -0.585483 0.000000
-0.211571 -0.585483 0.000000
-0.201857 -0.585483 0.000000
-0.192143 -0.585483 0.000000
-0.182429 -0.585483 0.000000
-0.172714 -0.585483 0.000000
-0.163000 -0.585483 0.000000
-0.153286 -0.585483 0.000000
-0.143571 -0.585483 0.000000
-0.133857 -0.585483 0.000000
-0.124143 -0.585483 0.000000
-0.114429 -0.585483 0.000000
-0.104714 -0.585483 0.000000
-0.095000 -0.585483 0.000000
-0.085286 -0.585483 0.000000
-0.075571 -0.585483 0.000000
-0.065857 -0.585483 0.000000
-0.056143 -0.585483 0.000000
-0.046429 -0.585483 0.000000
-0.036714 -0.585483 0.000000
-0.027000 -0.585483 0.000000
-0.017286 -0.585483 0.000000
-0.007571 -0.585483 0.000000
0.002143 -0.585483 0.000000
0.011857 -0.585483 0.000000
0.021571 -0.585483 0.000000
0.031286 -0.585483 0.000000
0.041000 -0.585483 0.000000
0.050714 -0.585483 0.000000
0.060429 -0.585483 0.000000
-0.260143 -0.595395 0.000000
-0.250429 -0.595395 0.000000
-0.240714 -0.595395 0.000000
-0.231000 -0.595395 0.000000
-0.221286 -0.595395 0.000000
-0.211571 -0.595395 0.000000
-0.201857 -0.595395 0.000000
-0.192143 -0.595395 0.000000
-0.182429 -0.595395 0.000000
-0.172714 -0.595395 0.000000
-0.163000 -0.595395 0.000000
-0.153286 -0.595395 0.000000
-0.143571 -0.595395 0.000000
-0.133857 -0.595395 0.000000
-0.124143 -0.595395 0.000000
-0.114429 -0.595395 0.000000
-0.104714 -0.595395 0.000000
-0.095000 -0.595395 0.000000
-0.085286 -0.595395 0.000000
-0.075571 -0.595395 0.000000
-0.065857 -0.595395 0.000000
-0.056143 -0.595395 0.000000
-0.046429 -0.595395 0.000000
-0.036714 -0.595395 0.000000
-0.027000 -0.595395 0.000000
-0.017286 -0.595395 0.000000
-0.007571 -0.595395 0.000000
0.002143 -0.595395 0.000000
0.011857 -0.595395 0.000000
0.021571 -0.595395 0.000000
0.031286 -0.595395 0.000000
0.041000 -0.595395 0.000000
0.050714 -0.595395 0.000000
0.060429 -0.595395 0.000000
-0.260143 -0.605307 0.000000
-0.250429 -0.605307 0.000000
-0.240714 -0.605307 0.000000
-0.231000 -0.605307 0.000000
-0.221286 -0.605307 0.000000
-0.211571 -0.605307 0.000000
-0.201857 -0.605307 0.000000
-0.192143 -0.605307 0.000000
-0.182429 -0.605307 0.000000
-0.172714 -0.605307 0.000000
-0.163000 -0.605307 0.000000
-0.153286 -0.605307 0.000000
-0.143571 -0.605307 0.000000
-0.133857 -0.605307 0.000000
-0.124143 -0.605307 0.000000
-0.114429 -0.605307 0.000000
-0.104714 -0.605307 0.000000
-0.095000 -0.605307 0.000000
-0.085286 -0.605307 0.000000
-0.075571 -0.605307 0.000000
-0.065857 -0.605307 0.000000
-0.056143 -0.605307 0.000000
-0.046429 -0.605307 0.000000
-0.036714 -0.605307 0.000000
-0.027000 -0.605307 0.000000
-0.017286 -0.605307 0.000000
-0.007571 -0.605307 0.000000
0.002143 -0.605307 0.000000
0.011857 -0.605307 0.000000
0.021571 -0.605307 0.000000
0.031286 -0.605307 0.000000
0.041000 -0.605307 0.000000
0.050714 -0.605307 0.000000
0.060429 -0.605307 0.000000
-0.260143 -0.615219 0.000000
-0.250429 -0.615219 0.000000
-0.240714 -0.615219 0.000000
-0.231000 -0.615219 0.000000
-0.221286 -0.615219 0.000000
-0.211571 -0.615219 0.000000
-0.201857 -0.615219 0.000000
-0.192143 -0.615219 0.000000
-0.182429 -0.615219 0.000000
-0.172714 -0.615219 0.000000
-0.163000 -0.615219 0.000000
-0.153286 -0.615219 0.000000
-0.143571 -0.615219 0.000000
-0.133857 -0.615219 0.000000
-0.124143 -0.615219 0.000000
-0.114429 -0.615219 0.000000
-0.104714 -0.615219 0.000000
-0.095000 -0.615219 0.000000
-0.085286 -0.615219 0.000000
-0.075571 -0.615219 0.000000
-0.065857 -0.615219 0.000000
-0.056143 -0.615219 0.000000
-0.046429 -0.615219 0.000000
-0.036714 -0.615219 0.000000
-0.027000 -0.615219 0.000000
-0.017286 -0.615219 0.000000
-0.007571 -0.615219 0.000000
0.002143 -0.615219 0.000000
0.011857 -0.615219 0.000000
0.021571 -0.615219 0.000000
0.031286 -0.615219 0.000000
0.041000 -0.615219 0.000000
0.050714 -0.615219 0.000000
0.060429 -0.615219 0.000000
-0.260143 -0.625132 0.000000
-0.250429 -0.625132 0.000000
-0.240714 -0.625132 0.000000
-0.231000 -0.625132 0.000000
-0.221286 -0.625132 0.000000
-0.211571 -0.625132 0.000000
-0.201857 -0.625132 0.000000
-0.192143 -0.625132 0.000000
-0.182429 -0.625132 0.000000
-0.172714 -0.625132 0.000000
-0.163000 -0.625132 0.000000
-0.153286 -0.625132 0.000000
-0.143571 -0.625132 0.000000
-0.133857 -0.625132 0.000000
-0.124143 -0.625132 0.000000
-0.114429 -0.625132 0.000000
-0.104714 -0.625132 0.000000
-0.095000 -0.625132 0.000000
-0.085286 -0.625132 0.000000
-0.075571 -0.625132 0.000000
-0.065857 -0.625132 0.000000
-0.056143 -0.625132 0.000000
-0.046429 -0.625132 0.000000
-0.036714 -0.625132 0.000000
-0.027000 -0.625132 0.000000
-0.017286 -0.625132 0.000000
-0.007571 -0.625132 0.000000
0.002143 -0.625132 0.000000
0.011857 -0.625132 0.000000
0.021571 -0.625132 0.000000
0.031286 -0.625132 0.000000
0.041000 -0.625132 0.000000
0.050714 -0.625132 0.000000
0.060429 -0.625132 0.000000
-0.250429 -0.635044 0.000000
-0.240714 -0.635044 0.000000
-0.231000 -0.635044 0.000000
-0.221286 -0.635044 0.000000
-0.211571 -0.635044 0.000000
-0.201857 -0.635044 0.000000
-0.192143 -0.635044 0.000000
-0.182429 -0.635044 0.000000
-0.172714 -0.635044 0.000000
-0.163000 -0.635044 0.000000
-0.153286 -0.635044 0.000000
-0.143571 -0.635044 0.000000
-0.133857 -0.635044 0.000000
-0.124143 -0.635044 0.000000
-0.114429 -0.635044 0.000000
-0.104714 -0.635044 0.000000
-0.095000 -0.635044 0.000000
-0.085286 -0.635044 0.000000
-0.075571 -0.635044 0.000000
-0.065857 -0.635044 0.000000
-0.056143 -0.635044 0.000000
-0.046429 -0.635044 0.000000
-0.036714 -0.635044 0.000000
-0.027000 -0.635044 0.000000
-0.017286 -0.635044 0.000000
-0.007571 -0.635044 0.000000
0.002143 -0.635044 0.000000
0.011857 -0.635044 0.000000
0.021571 -0.635044 0.000000
0.031286 -0.635044 0.000000
0.041000 -0.635044 0.000000
0.050714 -0.635044 0.000000
0.060429 -0.635044 0.000000
-0.250429 -0.079956 0.000000
-0.240714 -0.079956 0.000000
-0.231000 -0.079956 0.000000
-0.221286 -0.079956 0.000000
-0.211571 -0.079956 0.000000
-0.201857 -0.079956 0.000000
-0.192143 -0.079956 0.000000
-0.182429 -0.079956 0.000000
-0.172714 -0.079956 0.000000
-0.163000 -0.079956 0.000000
-0.153286 -0.079956 0.000000
-0.143571 -0.079956 0.000000
-0.133857 -0.079956 0.000000
-0.124143 -0.079956 0.000000
-0.114429 -0.079956 0.000000
